50 86
0 1790 9020
1 7270 10610
2 7540 10530
3 120 10760
4 2990 3550
5 740 8420
6 1580 2170
7 480 8470
8 1290 3310
9 7480 7570
10 3700 9300
11 5290 5360
12 4480 9650
13 5350 6370
14 8400 11300
15 150 8520
16 6230 9780
17 1700 8680
18 1010 3050
19 3570 6770
20 3080 6050
21 960 2570
22 8200 8320
23 10320 10600
24 3570 6680
25 8960 9590
26 140 470
27 8940 10900
28 8330 11930
29 7350 9310
30 8220 9540
31 180 3610
32 4030 11670
33 9450 10730
34 6690 11030
35 1630 6340
36 10780 10840
37 2290 11690
38 1560 1660
39 6060 8900
40 5120 10660
41 4700 6110
42 300 2620
43 6800 8370
44 6740 10780
45 2050 5930
46 7590 10430
47 1250 11080
48 8490 10420
49 2580 5920

26 38
26 21
26 42
38 6
21 6
6 8
42 18
42 31
6 4
4 11
4 20
8 49
8 45
31 45
31 35
31 5
31 15
11 13
11 41
41 13
41 24
24 19
20 24
49 24
49 20
45 19
35 19
19 17
5 17
5 0
17 0
7 5
15 3
7 47
3 47
0 37
47 37
0 10
19 10
19 39
13 9
13 43
13 39
9 22
9 43
43 22
43 29
39 16
12 39
10 12
10 37
12 32
37 32
12 40
22 30
29 30
16 29
16 40
40 34
32 34
29 44
16 1
16 44
44 34
29 46
30 25
25 23
25 33
25 27
30 48
48 27
46 2
1 2
1 34
34 28
14 28
27 33
33 23
23 36
28 36
2 14
21 18
18 8
45 35
15 7
27 14